0.567211949
0.553209459
0.53920697
0.525204481
0.511201991
0.50208926
0.492976529
0.483863798
0.474751067
0.470972617
0.467194168
0.463415718
0.459637269
0.456303343
0.452969417
0.449635491
0.446301565
0.449835526
0.453369488
0.45690345
0.460437411
0.477240398
0.494043385
0.510846373
0.52764936
0.547541785
0.567434211
0.587326636
0.607219061
0.638180121
0.669141181
0.70010224
0.7310633
0.741665185
0.75226707
0.762868954
0.773470839
0.785873044
0.798275249
0.810677454
0.823079659
0.835126245
0.847172831
0.859219417
0.871266003
0.879578592
0.887891181
0.89620377
0.904516358
0.912428876
0.920341394
0.928253912
0.93616643
0.939944879
0.943723329
0.947501778
0.951280228
0.957281294
0.963282361
0.969283428
0.975284495
0.97792941
0.980574324
0.983219239
0.985864154
0.989398115
0.992932077
0.996466038
1
0.997355085
0.994710171
0.992065256
0.989420341
0.981441145
0.973461949
0.965482752
0.957503556
0.942478663
0.92745377
0.912428876
0.897403983
0.884579481
0.871754979
0.858930477
0.846105974
0.831503378
0.816900782
0.802298186
0.78769559
0.755756579
0.723817568
0.691878556
0.659939545
0.636757646
0.613575747
0.590393848