0.004938272
0.004938272
0.004938272
0.004938272
0.004938272
0.005925926
0.005925926
0.005925926
0.005925926
0.005925926
0.00691358
0.00691358
0.00691358
0.00691358
0.00691358
0.007901235
0.007901235
0.007901235
0.007901235
0.007901235
0.008888889
0.008888889
0.008888889
0.008888889
0.008888889
0.009876543
0.008888889
0.032592593
0.058271605
0.092839506
0.069135802
0.175802469
0.279506173
0.375308642
0.430617284
0.487901235
0.581728395
0.673580247
0.738765432
0.774320988
0.856296296
0.90962963
0.747654321
1.025185185
1.041975309
1.074567901
1.10617284
1.122962963
1.132839506
1.2
1.137777778
1.154567901
1.142716049
1.131851852
1.153580247
1.120987654
1.030123457
1.058765432
1.040987654
1.118024691
1.030123457
0.959012346
0.86617284
0.974814815
0.752592593
0.729876543
0.35654321
0.607407407
0.279506173
0.312098765
0.143209877
0.159012346
0.172839506
0.163950617
0.083950617
0.032592593
0.012839506
0.000987654
0.000987654
0.000987654
0.001975309
0.001975309
0.001975309
0.001975309
0.002962963
0.002962963
0.002962963
0.002962963
0.003950617
0.003950617
0.003950617
0.003950617
0.004938272
0.004938272
0.004938272
0.004938272